opb,clh,rpe,cob,coe,cmr,sve,emv,ecv
39.0,-3.00432138059,2.89999999992,5.1,2.0,2.9,4.89999999992,3.24055931167e-08,8.42814486534e-11
39.0,-3.00432138059,2.79999999992,7.2,-2.0,2.8,2.79999999992,3.24055931167e-08,8.42814486534e-11
39.0,-3.00432138065,5.5,4.5,0.0,5.5,5.5,3.24055931167e-08,4.85308523753e-12
39.0,nan,nan,nan,0.0,nan,nan,1.00633139368,nan
39.0,-3.02004079196,3.99999999996,6.0,0.0,9.5,3.99999999996,0.971630311145,3.90453275709e-11
39.0,-1.75884678495,4.09144046036,4.0,0.0,15.5,4.09144046036,1.90855953964,1.90855953964
7.0,-2.3228883393,1.99366860632,6.8,nan,18.5,2.19366860632,1.00633139368,1.00633139368
7.0,-2.08959982543,2.61195669842,6.0,0.0,22.5,2.61195669842,1.38804330158,1.38804330158
7.0,-1.17330421844,2.97166632918,3.7,0.0,28.8,2.97166632918,3.32833367082,3.32833367082
4.0,-3.060987482,-4.85308523753e-12,7.1,0.0,28.8,2.9,1.69815598231,4.85308523753e-12
4.0,-3.15475965708,4.99999999998,5.0,0.0,33.8,4.99999999998,2.29442055138,1.54371409518e-11
7.0,-4.06415004618,-1.06256637289e-12,4.2,0.2,33.8,5.8,4.35953405649,1.06256637289e-12
7.0,nan,nan,nan,-0.2,nan,nan,1.69815598231,nan
6.0,-1.99420457466,3.56494587304,4.7,0.0,39.1,3.56494587304,2.29442055138,1.73505412696
6.0,-1.03918118712,-4.35953405649,4.5,0.0,39.1,1.14046594351,4.35953405649,4.35953405649
4.0,-1.88268060385,-1.69815598231,8.1,0.0,39.1,0.201844017686,1.69815598231,1.69815598231
4.0,nan,nan,nan,0.0,nan,nan,2.97212893683,nan
7.0,-1.31357001373,3.65327145476,3.5,2.9,45.6,3.65327145476,2.84672854524,2.84672854524
7.0,-3.0248164,-3.90453275709e-11,7.1,-2.9,45.6,2.89999999996,1.10887747325,3.90453275709e-11
6.0,-3.4103235238,-1.06256637289e-12,4.3,0.0,45.6,5.7,2.97212893683,1.06256637289e-12
6.0,-3.91169066672,7.2,2.8,0.0,52.8,7.2,4.11445328813,6.93844338801e-13
4.0,-2.25539476422,1.79112252675,7.1,5.8,55.7,1.79112252675,1.10887747325,1.10887747325
4.0,-3.4103235238,-6.93844338801e-13,4.0,-5.8,55.7,6.0,2.97212893683,6.93844338801e-13
7.0,nan,nan,nan,nan,nan,nan,4.11445328813,nan
6.0,-1.86329517229,-1.73041637963,8.0,0.0,55.7,0.269583620368,1.73041637963,1.73041637963
6.0,nan,nan,nan,0.0,nan,nan,2.97212893683,nan
4.0,-2.2054674032,4.7015220572,2.8,5.5,62.9,4.7015220572,4.11445328813,2.4984779428
4.0,nan,nan,nan,-5.5,nan,nan,1.12994316347,nan
7.0,-3.4103235238,-4.85308523753e-12,4.9,1.9,62.9,5.1,2.97212893683,4.85308523753e-12
7.0,-1.32436869345,2.87004300754,3.0,-1.9,69.9,2.87004300754,4.12995699246,4.12995699246
5.0,-2.2416026783,1.47005683653,6.4,nan,72.5,2.47005683653,1.12994316347,1.12994316347
4.0,-1.34803949012,2.02787106317,5.0,0.0,77.5,2.02787106317,2.97212893683,2.97212893683
4.0,-1.08855021717,2.17410701459,2.7,0.0,84.8,2.17410701459,5.12589298541,5.12589298541
7.0,-3.05591503463,-1.61950782164e-10,8.7,2.9,84.8,1.29999999984,1.64006879968,1.61950782164e-10
7.0,-1.14586800416,1.72417785176,4.6,-2.9,90.2,1.72417785176,3.67582214824,3.67582214824
5.0,-1.02847196049,-5.88033165503,3.6,5.7,90.2,0.519668344974,5.88033165503,5.88033165503
5.0,-3.05591503467,-1.05752107573e-10,8.6,-5.7,90.2,1.39999999989,1.64006879968,1.05752107573e-10
4.0,-4.02771250098,5.9,4.1,0.0,96.1,5.9,4.2741305277,3.16901212357e-12
4.0,-1.44174594633,3.16020708615,3.0,0.0,103.1,3.16020708615,4.11445328813,3.83979291385
7.0,-3.0559150347,-6.90549814375e-11,8.3,4.4408920985e-16,103.1,1.69999999993,1.64006879968,6.90549814375e-11
7.0,nan,nan,nan,0.0,nan,nan,4.2741305277,nan
5.0,-1.11598586876,2.06358101678,3.0,6.0,110.1,2.06358101678,4.93641898322,4.93641898322
5.0,-3.05591503455,0.999999999715,8.5,-6.0,111.1,1.49999999972,1.64006879968,2.84669545648e-10
4.0,-2.61730307335,-2.0473638698,5.4,nan,111.1,2.5526361302,4.2741305277,2.0473638698
7.0,nan,nan,nan,2.0,nan,nan,5.65250393511,nan
7.0,-2.81795304608,0.752989174425,7.9,-2.0,112.2,1.75298917442,1.64006879968,0.347010825575
5.0,-1.06503409806,0.825869472301,4.9,nan,117.3,0.825869472301,4.2741305277,4.2741305277
4.0,-1.04040683954,1.44749606489,2.9,0.0,124.4,1.44749606489,5.65250393511,5.65250393511
4.0,-2.64005532039,0.691693779498,8.4,0.0,125.7,0.991693779498,1.64006879968,0.608306220502
7.0,-1.04225801766,0.439283825054,5.0,nan,130.7,0.439283825054,4.56071617495,4.56071617495
5.0,-1.0185764505,-6.15480073933,3.9,5.1,130.7,-0.0548007393346,6.15480073933,6.15480073933
5.0,nan,nan,nan,-5.1,nan,nan,1.64006879968,nan
3.0,-1.03346552459,-4.71315241766,5.9,0.0,130.7,-0.613152417658,4.71315241766,4.71315241766
3.0,-1.36656462747,2.88098174533,3.1,0.0,137.6,2.88098174533,4.11445328813,4.01901825467
7.0,-2.4781328407,0.351668550158,8.3,1.0,138.8,0.851668550158,1.64006879968,0.848331449842
7.0,-1.32070406776,2.02236249298,4.9,-1.0,143.9,2.02236249298,3.07763750702,3.07763750702
5.0,nan,nan,nan,0.0,nan,nan,5.01875010805,nan
5.0,-2.3965555474,0.0296357563042,8.3,0.0,144.9,0.729635756304,1.64006879968,0.970364243696
3.0,nan,nan,nan,0.0,nan,nan,3.77941918495,nan
3.0,-1.10325488704,2.08124989195,2.9,0.0,152.0,2.08124989195,5.01875010805,5.01875010805
7.0,-2.3897084043,0.119351828048,8.2,1.3,153.1,0.819351828048,1.64006879968,0.980648171952
7.0,-1.13228517689,1.42058081505,4.8,-1.3,158.3,1.42058081505,3.77941918495,3.77941918495
5.0,nan,nan,nan,0.0,nan,nan,5.7409663509,nan
5.0,-2.36218009267,0.0779354516854,8.5,0.0,159.4,0.477935451685,1.64006879968,1.02206454831
3.0,-1.06520360376,0.82762389389,4.9,6.4,164.5,0.82762389389,4.27237610611,4.27237610611
3.0,-5.01880062071,1.29999999972,8.7,-6.4,165.8,1.29999999972,5.7409663509,2.84669545648e-10
7.0,-2.34424675276,0.150891006269,8.7,1.4,167.0,0.250891006269,1.64006879968,1.04910899373
7.0,-1.04233178235,0.340429443359,5.1,-1.4,171.9,0.340429443359,4.55957055664,4.55957055664
5.0,-1.0353352417,0.959033649103,3.3,0.0,178.6,0.959033649103,5.7409663509,5.7409663509
5.0,-2.30962682158,-1.10146980636,9.1,0.0,178.6,-0.20146980636,1.64006879968,1.10146980636
4.0,-1.03533833886,0.222296741232,5.1,0.0,183.5,0.222296741232,4.67770325877,4.67770325877
4.0,-1.0211095981,0.926238590952,3.0,0.0,190.5,0.926238590952,6.07376140905,6.07376140905
